--------------------------------------------------------
EVENT #1
all lepton invariant mass: 483.056 | same sign invariant mass: 149.691
--------------------------------------------------------
element | type     | charge       | pT           | Eta          | Phi          | E            | mass
1       | 11       | -1           | 32.0903      | 0.336397     | 2.11939      | 33.9232      | 0.0124825    
2       | 11       | 1            | 21.8415      | 0.300016     | 2.16279      | 22.8318      | -0.00344878  
3       | 11       | -1           | 2.09015      | -0.144344    | -2.47966     | 2.11196      | -0.000631089 
4       | 13       | -1           | 133.143      | -0.760994    | -1.31584     | 173.592      | 0.1057       
5       | 13       | 1            | 87.1063      | -0.818343    | -1.59388     | 117.938      | 0.1057       
6       | 13       | 1            | 1.58093      | 1.74473      | -0.943731    | 4.66421      | 0.1057       
7       | 13       | 1            | 1.27684      | 2.28906      | 0.923215     | 6.36405      | 0.1057       
8       | 22       | 0            | 96.3129      | 0.300079     | 2.1499       | 100.682      | -3.37175e-07 
9       | 22       | 0            | 41.5293      | 0.336346     | 2.14464      | 43.9006      | 7.34855e-07  
--------------------------------------------------------
EVENT #2
all lepton invariant mass: 1669.87 | same sign invariant mass: 576.538
--------------------------------------------------------
element | type     | charge       | pT           | Eta          | Phi          | E            | mass
1       | 11       | -1           | 636.997      | 0.0747579    | -0.301864    | 638.778      | 0.0767501    
2       | 13       | 1            | 296.693      | -1.05961     | 2.80939      | 479.432      | 0.1057       
3       | 13       | -1           | 96.3289      | -1.0548      | 2.8193       | 155.073      | 0.1057       
4       | 13       | -1           | 5.15324      | -1.33562     | -3.10311     | 10.4754      | 0.1057       
5       | 13       | 1            | 0.878281     | -2.01197     | -0.968917    | 3.34431      | 0.1057       
6       | 13       | 1            | 0.752166     | 2.16318      | -0.218736    | 3.31639      | 0.1057       
7       | 22       | 0            | 640.101      | 0.0748814    | -0.298353    | 641.896      | 5.35248e-06  
--------------------------------------------------------
EVENT #3
all lepton invariant mass: 777.52 | same sign invariant mass: 432.394
--------------------------------------------------------
element | type     | charge       | pT           | Eta          | Phi          | E            | mass
1       | 11       | -1           | 220.99       | 1.40247      | -0.0867928   | 476.367      | -0.12002     
2       | 11       | 1            | 11.1165      | -0.192743    | -2.66121     | 11.3236      | -0.00279034  
3       | 11       | -1           | 1.65201      | -2.52842     | 2.12423      | 10.4188      | 0.00373576   
4       | 13       | -1           | 65.9507      | -0.973454    | -3.06832     | 99.7454      | 0.1057       
5       | 13       | 1            | 13.5634      | -1.22264     | 2.92812      | 25.0287      | 0.1057       
6       | 13       | 1            | 2.0376       | 1.53741      | 1.54546      | 4.96007      | 0.1057       
7       | 13       | -1           | 1.32812      | -1.65294     | -0.457994    | 3.59663      | 0.1057       
8       | 13       | 1            | 1.2091       | 2.23732      | 1.37713      | 5.72904      | 0.1057       
9       | 13       | 1            | 1.18363      | 1.98855      | 1.76161      | 4.40543      | 0.1057       
10      | 13       | 1            | 1.06205      | 2.13626      | 1.54208      | 4.5605       | 0.1057       
11      | 22       | 0            | 220.026      | 1.40349      | -0.0867626   | 474.721      | 5.3948e-06   
12      | 22       | 0            | 10.5806      | -0.242267    | -2.81617     | 10.8926      | -1.71201e-07 
--------------------------------------------------------
EVENT #4
all lepton invariant mass: 865.697 | same sign invariant mass: 551.86
--------------------------------------------------------
element | type     | charge       | pT           | Eta          | Phi          | E            | mass
1       | 13       | -1           | 237.387      | -2.27574     | -0.0906831   | 1167.69      | 0.105658     
2       | 13       | 1            | 106.302      | 0.0300489    | 3.12169      | 106.35       | 0.1057       
3       | 13       | -1           | 98.5669      | 0.11526      | 3.06367      | 99.2224      | 0.1057       
4       | 13       | 1            | 33.7407      | -2.29178     | -0.0845282   | 168.597      | 0.105658     
5       | 13       | 1            | 1.27357      | 2.15658      | 0.130212     | 5.5775       | 0.1057       
6       | 13       | -1           | 1.11203      | 1.82523      | 2.11504      | 3.54082      | 0.1057       
--------------------------------------------------------
EVENT #5
all lepton invariant mass: 365.174 | same sign invariant mass: 32.6101
--------------------------------------------------------
element | type     | charge       | pT           | Eta          | Phi          | E            | mass
1       | 11       | 1            | 6.46751      | 1.85293      | 2.10448      | 21.1333      | -0.00762124  
2       | 11       | -1           | 1.10153      | 0.996104     | 2.90908      | 1.69472      | 0.0003905    
3       | 13       | 1            | 72.2766      | 0.494063     | 2.04093      | 81.2789      | 0.1057       
4       | 13       | -1           | 32.0631      | 0.859936     | 1.8785       | 44.6671      | 0.105658     
5       | 13       | -1           | 27.2862      | 0.856092     | 1.87196      | 37.9111      | 0.1057       
6       | 13       | -1           | 1.69172      | 1.78238      | -1.8662      | 5.17117      | 0.1057       
7       | 13       | -1           | 1.47494      | 2.0854       | -3.08696     | 6.02759      | 0.1057       
8       | 13       | 1            | 1.37193      | -2.02115     | 2.56897      | 5.26892      | 0.1057       
9       | 13       | 1            | 0.909584     | -2.24151     | 2.56886      | 4.3281       | 0.1057       
10      | 22       | 0            | 112.938      | -1.06031     | -0.027512    | 182.599      | 2.6974e-06   
--------------------------------------------------------
EVENT #6
all lepton invariant mass: 313.325 | same sign invariant mass: 262.488
--------------------------------------------------------
element | type     | charge       | pT           | Eta          | Phi          | E            | mass
1       | 11       | -1           | 0.419206     | -1.09633     | 0.220062     | 0.697405     | 0.000100028  
2       | 13       | 1            | 172.928      | 0.90591      | -2.64479     | 248.874      | 0.1057       
3       | 13       | 1            | 86.6173      | 0.0674341    | 0.880339     | 86.8144      | 0.1057       
4       | 13       | -1           | 42.3615      | 0.721769     | -2.64812     | 53.8831      | 0.1057       
5       | 13       | -1           | 8.25888      | 0.0413718    | 0.916654     | 8.26663      | 0.1057       
6       | 13       | -1           | 1.23002      | -1.64605     | -0.386724    | 3.31         | 0.1057       
--------------------------------------------------------
EVENT #7
all lepton invariant mass: 1073.51 | same sign invariant mass: 425.891
--------------------------------------------------------
element | type     | charge       | pT           | Eta          | Phi          | E            | mass
1       | 11       | -1           | 376.962      | -0.17469     | 1.89535      | 382.728      | 0.065883     
2       | 13       | 1            | 171.203      | -0.322182    | -1.39504     | 180.166      | 0.1057       
3       | 13       | -1           | 120.007      | -0.393151    | -1.44254     | 129.402      | 0.1057       
4       | 13       | 1            | 3.67633      | 2.37846      | 2.38999      | 20.0013      | 0.105658     
5       | 13       | 1            | 1.86116      | -1.87269     | -0.491574    | 6.19804      | 0.1057       
6       | 13       | 1            | 1.40961      | -1.67259     | -2.08673     | 3.88755      | 0.1057       
7       | 13       | -1           | 1.39813      | -2.13486     | 3.03147      | 5.99477      | 0.1057       
8       | 13       | -1           | 1.10631      | -1.60257     | -2.9986      | 2.86019      | 0.1057       
9       | 22       | 0            | 375.368      | -0.175596    | 1.89793      | 381.17       | -8.84401e-06 
10      | 22       | 0            | 14.4235      | 2.34913      | 1.91744      | 76.2417      | 1.90735e-06  
--------------------------------------------------------
EVENT #8
all lepton invariant mass: 497.153 | same sign invariant mass: 285.489
--------------------------------------------------------
element | type     | charge       | pT           | Eta          | Phi          | E            | mass
1       | 13       | 1            | 154.852      | 0.855717     | 1.58878      | 215.092      | 0.1057       
2       | 13       | -1           | 144.926      | 0.625259     | -1.55254     | 174.19       | 0.1057       
3       | 13       | 1            | 129.767      | 0.618883     | -1.5337      | 155.422      | 0.1057       
4       | 13       | -1           | 52.5124      | 1.0144       | 1.67962      | 81.9282      | 0.1057       
5       | 13       | -1           | 1.35484      | -1.43008     | 1.6774       | 2.99493      | 0.1057       
6       | 13       | 1            | 1.13472      | -1.71327     | -0.564286    | 3.25117      | 0.1057       
7       | 13       | 1            | 0.879866     | 2.18158      | 1.34533      | 3.949        | 0.1057       
--------------------------------------------------------
EVENT #9
all lepton invariant mass: 1970.82 | same sign invariant mass: 1119.6
--------------------------------------------------------
element | type     | charge       | pT           | Eta          | Phi          | E            | mass
1       | 11       | -1           | 660.62       | -0.333407    | -2.83434     | 697.679      | 0.0893241    
2       | 11       | -1           | 3.55303      | 1.7043       | -0.25785     | 10.0896      | -0.00124789  
3       | 11       | -1           | 3.30928      | 1.80098      | -2.99697     | 10.293       | -0.00174208  
4       | 13       | -1           | 465.494      | -0.612837    | 0.259091     | 555.677      | 0.1057       
5       | 13       | 1            | 156.534      | -0.648731    | 0.32873      | 190.645      | 0.1057       
6       | 13       | -1           | 0.814873     | -2.04586     | 2.18769      | 3.20626      | 0.1057       
7       | 22       | 0            | 655.461      | -0.333544    | -2.8361      | 692.26       | 7.13665e-06  
8       | 22       | 0            | 13.1834      | 1.59799      | -0.762564    | 33.9167      | -3.37175e-07 
9       | 22       | 0            | 12.0794      | 1.67862      | -0.677652    | 33.4891      | 0            
--------------------------------------------------------
EVENT #10
all lepton invariant mass: 61.2172 | same sign invariant mass: 28.7629
--------------------------------------------------------
element | type     | charge       | pT           | Eta          | Phi          | E            | mass
1       | 13       | 1            | 73.4106      | 1.12287      | 1.2182       | 124.762      | 0.1057       
2       | 13       | -1           | 34.5109      | 1.24352      | 0.954079     | 64.8145      | 0.1057       
3       | 13       | -1           | 1.59714      | 2.36485      | 0.417196     | 8.57439      | 0.1057       
4       | 13       | -1           | 1.28534      | -1.59147     | -1.50829     | 3.28868      | 0.1057       
5       | 13       | 1            | 1.07151      | 2.35766      | -1.06669     | 5.71257      | 0.1057       
--------------------------------------------------------
EVENT #11
all lepton invariant mass: 289.971 | same sign invariant mass: 116.938
--------------------------------------------------------
element | type     | charge       | pT           | Eta          | Phi          | E            | mass
1       | 11       | -1           | 2.10792      | 0.683847     | -2.44873     | 2.6203       | 0.000122605  
2       | 13       | -1           | 209.183      | 0.431392     | 0.834214     | 228.951      | 0.1057       
3       | 13       | 1            | 46.5958      | 0.33622      | 1.09732      | 49.2545      | 0.1057       
4       | 13       | 1            | 25.8492      | 1.25884      | -2.91122     | 49.1821      | 0.1057       
5       | 13       | -1           | 14.9624      | 1.27553      | -2.93991     | 28.8768      | 0.1057       
6       | 13       | -1           | 6.73292      | 1.25341      | -3.01955     | 12.7518      | 0.105658     
7       | 22       | 0            | 18.1062      | -0.639569    | -2.38197     | 21.9374      | 5.05762e-07  
--------------------------------------------------------
EVENT #12
all lepton invariant mass: 603.867 | same sign invariant mass: 316.689
--------------------------------------------------------
element | type     | charge       | pT           | Eta          | Phi          | E            | mass
1       | 13       | 1            | 267.971      | 0.215716     | -2.44401     | 274.23       | 0.1057       
2       | 13       | -1           | 186.182      | 0.206154     | -2.49217     | 190.153      | 0.1057       
3       | 13       | -1           | 88.6992      | -0.463835    | 0.754561     | 98.413       | 0.1057       
4       | 13       | 1            | 83.3626      | -0.47302     | 0.759307     | 92.8639      | 0.1057       
5       | 13       | 1            | 1.3156       | 1.44861      | 0.784698     | 2.9568       | 0.1057       
6       | 13       | -1           | 1.23648      | 2.14438      | 1.75347      | 5.35123      | 0.1057       
7       | 13       | -1           | 0.848639     | 1.88154      | -2.78915     | 2.85167      | 0.1057       
--------------------------------------------------------
EVENT #13
all lepton invariant mass: 566.235 | same sign invariant mass: 309.223
--------------------------------------------------------
element | type     | charge       | pT           | Eta          | Phi          | E            | mass
1       | 13       | -1           | 159.714      | -0.697561    | 2.45474      | 200.173      | 0.1057       
2       | 13       | 1            | 154.932      | -0.643434    | 2.53656      | 188.125      | 0.1057       
3       | 13       | 1            | 148.537      | -0.247666    | -0.665788    | 153.115      | 0.1057       
4       | 13       | -1           | 92.038       | -0.237413    | -0.659054    | 94.6441      | 0.1057       
5       | 13       | 1            | 3.54286      | -0.581006    | -2.97951     | 4.15919      | 0.1057       
--------------------------------------------------------
EVENT #14
all lepton invariant mass: 1590.94 | same sign invariant mass: 1088.78
--------------------------------------------------------
element | type     | charge       | pT           | Eta          | Phi          | E            | mass
1       | 11       | 1            | 583.441      | 0.0714548    | -0.283258    | 584.931      | 0.0705274    
2       | 13       | 1            | 367.079      | -1.13033     | 2.55456      | 627.63       | 0.1057       
3       | 13       | 1            | 5.89587      | -1.02555     | 2.93281      | 9.2784       | 0.1057       
4       | 13       | 1            | 5.03214      | -1.16038     | 3.06464      | 8.81826      | 0.105658     
5       | 13       | -1           | 1.47942      | 1.50676      | -0.257485    | 3.50316      | 0.1057       
6       | 22       | 0            | 616.694      | 0.0799053    | -0.288032    | 618.664      | 6.7435e-06   
--------------------------------------------------------
EVENT #15
all lepton invariant mass: 135.162 | same sign invariant mass: 59.7136
--------------------------------------------------------
element | type     | charge       | pT           | Eta          | Phi          | E            | mass
1       | 13       | 1            | 121.269      | -1.46944     | -2.7839      | 277.513      | 0.1057       
2       | 13       | 1            | 90.0604      | -1.35821     | -2.792       | 186.71       | 0.1057       
3       | 13       | -1           | 1.48216      | 2.23869      | 2.91785      | 7.03191      | 0.1057       
4       | 13       | 1            | 1.33643      | -2.27573     | -2.84418     | 6.57457      | 0.1057       
5       | 13       | 1            | 1.25026      | 1.60954      | -0.168773    | 3.25272      | 0.1057       
--------------------------------------------------------
EVENT #16
all lepton invariant mass: 874.418 | same sign invariant mass: 496.216
--------------------------------------------------------
element | type     | charge       | pT           | Eta          | Phi          | E            | mass
1       | 13       | -1           | 397.623      | 0.486335     | 2.52474      | 445.58       | 0.1057       
2       | 13       | 1            | 176.271      | 0.575082     | 2.52335      | 206.232      | 0.1057       
3       | 13       | 1            | 170.736      | 0.45211      | -0.496518    | 188.484      | 0.1057       
4       | 13       | -1           | 155.349      | 0.458011     | -0.496064    | 171.93       | 0.1057       
5       | 13       | 1            | 1.14167      | -1.85577     | -1.11048     | 3.74216      | 0.1057       
6       | 13       | 1            | 1.05185      | 2.26074      | -2.2001      | 5.09966      | 0.1057       
--------------------------------------------------------
EVENT #17
all lepton invariant mass: 763.997 | same sign invariant mass: 200.339
--------------------------------------------------------
element | type     | charge       | pT           | Eta          | Phi          | E            | mass
1       | 11       | 1            | 6.3074       | -2.0008      | 0.953469     | 23.748       | 0.00207957   
2       | 13       | -1           | 462.645      | 0.155272     | 0.365866     | 468.234      | 0.1057       
3       | 13       | 1            | 153.841      | -1.20039     | -2.83039     | 278.644      | 0.1057       
4       | 13       | 1            | 17.4618      | 0.164311     | 0.366665     | 17.6984      | 0.1057       
5       | 13       | -1           | 17.02        | -0.897236    | -3.11921     | 24.3432      | 0.1057       
6       | 13       | -1           | 7.88388      | -1.36611     | -0.504483    | 16.4586      | 0.105658     
7       | 13       | 1            | 1.57039      | -1.502       | 1.78236      | 3.70241      | 0.1057       
8       | 13       | 1            | 0.763442     | -1.96986     | 1.18411      | 2.79206      | 0.1057       
9       | 22       | 0            | 21.5201      | -1.18483     | 0.322155     | 38.4772      | -5.84004e-07 
--------------------------------------------------------
EVENT #18
all lepton invariant mass: 1314.68 | same sign invariant mass: 586.227
--------------------------------------------------------
element | type     | charge       | pT           | Eta          | Phi          | E            | mass
1       | 11       | -1           | 332.494      | 0.419578     | 1.05675      | 362.193      | -0.0862762   
2       | 13       | 1            | 236.239      | -1.05031     | -2.16266     | 378.972      | 0.1057       
3       | 13       | -1           | 162.471      | -0.998581    | -2.18479     | 250.435      | 0.1057       
4       | 13       | -1           | 1.16938      | -2.00469     | 1.55587      | 4.42064      | 0.1057       
5       | 22       | 0            | 332.07       | 0.418824     | 1.04754      | 361.623      | -5.3948e-06  
--------------------------------------------------------
EVENT #19
all lepton invariant mass: 244.695 | same sign invariant mass: 87.7894
--------------------------------------------------------
element | type     | charge       | pT           | Eta          | Phi          | E            | mass
1       | 11       | -1           | 44.135       | -0.0568237   | -2.48571     | 44.2063      | -0.009267    
2       | 11       | 1            | 7.06535      | 0.947284     | -2.55375     | 10.4796      | 0.0032492    
3       | 13       | 1            | 87.9411      | -0.442739    | 0.885822     | 96.7019      | 0.1057       
4       | 13       | -1           | 41.5163      | -0.554239    | 0.871819     | 48.0579      | 0.1057       
5       | 13       | 1            | 9.70253      | -0.332403    | 1.17107      | 10.244       | 0.1057       
6       | 13       | -1           | 1.15719      | 1.82023      | 0.0173126    | 3.66707      | 0.1057       
7       | 22       | 0            | 44.1373      | -0.0553872   | -2.46675     | 44.205       | -1.03152e-06 
--------------------------------------------------------
EVENT #20
all lepton invariant mass: 487.422 | same sign invariant mass: 395.712
--------------------------------------------------------
element | type     | charge       | pT           | Eta          | Phi          | E            | mass
1       | 13       | -1           | 182.722      | -0.860119    | 2.02205      | 254.582      | 0.1057       
2       | 13       | -1           | 182.145      | -0.041763    | -1.17434     | 182.303      | 0.105658     
3       | 13       | 1            | 84.0491      | -1.06413     | 1.88888      | 136.3        | 0.1057       
4       | 13       | -1           | 0.734505     | -2.00023     | 2.13413      | 2.76598      | 0.1057       
--------------------------------------------------------
EVENT #21
all lepton invariant mass: 554.941 | same sign invariant mass: 296.624
--------------------------------------------------------
element | type     | charge       | pT           | Eta          | Phi          | E            | mass
1       | 11       | -1           | 2.88582      | 2.19028      | -0.737761    | 13.0577      | -0.00295671  
2       | 13       | -1           | 280.388      | -0.00500241  | 2.68312      | 280.391      | 0.105658     
3       | 13       | 1            | 210.907      | -0.00300555  | 2.6838       | 210.908      | 0.105658     
4       | 13       | 1            | 100.458      | -0.391687    | -0.442225    | 108.263      | 0.1057       
5       | 13       | -1           | 36.8346      | -0.255329    | -0.142812    | 38.042       | 0.1057       
6       | 13       | 1            | 2.10431      | 1.90902      | -1.37407     | 7.25503      | 0.1057       
--------------------------------------------------------
EVENT #22
all lepton invariant mass: 1454.25 | same sign invariant mass: 274.407
--------------------------------------------------------
element | type     | charge       | pT           | Eta          | Phi          | E            | mass
1       | 11       | -1           | 463.647      | -1.04649     | 2.097        | 741.556      | -0.18357     
2       | 11       | -1           | 7.17253      | -1.68954     | -1.44112     | 20.0889      | 0.00505535   
3       | 13       | 1            | 426.046      | -0.835564    | -1.00152     | 583.628      | 0.1057       
4       | 13       | -1           | 12.4982      | -0.989171    | -0.998367    | 19.1281      | 0.1057       
5       | 13       | -1           | 9.4249       | -1.81803     | -1.40281     | 29.7926      | 0.1057       
6       | 13       | 1            | 1.35819      | -1.91986     | -0.189394    | 4.73221      | 0.1057       
7       | 22       | 0            | 594.508      | -1.04695     | 2.09027      | 951.202      | -1.52588e-05 
8       | 22       | 0            | 28.8806      | -1.74031     | -1.39172     | 84.8309      | -9.53674e-07 
--------------------------------------------------------
EVENT #23
all lepton invariant mass: 215.703 | same sign invariant mass: 148.636
--------------------------------------------------------
element | type     | charge       | pT           | Eta          | Phi          | E            | mass
1       | 13       | -1           | 78.0075      | 0.286784     | 0.287529     | 81.2375      | 0.1057       
2       | 13       | -1           | 67.834       | 0.795614     | -2.5538      | 90.4602      | 0.105658     
3       | 13       | 1            | 58.5084      | 0.182762     | 0.399452     | 59.4884      | 0.1057       
4       | 13       | 1            | 1.31388      | -1.71175     | -3.0653      | 3.75864      | 0.1057       
5       | 13       | 1            | 1.16573      | -2.19049     | -1.63458     | 5.27682      | 0.1057       
6       | 13       | -1           | 0.886779     | 1.88389      | 2.41917      | 2.98636      | 0.1057       
--------------------------------------------------------
EVENT #24
all lepton invariant mass: 1021.79 | same sign invariant mass: 453.559
--------------------------------------------------------
element | type     | charge       | pT           | Eta          | Phi          | E            | mass
1       | 11       | -1           | 199.046      | -0.237405    | 1.27683      | 204.681      | 0.038523     
2       | 13       | -1           | 256.391      | -0.526878    | -1.63319     | 292.809      | 0.1057       
3       | 13       | 1            | 241.305      | -0.571973    | -1.66897     | 281.865      | 0.1057       
4       | 13       | -1           | 1.51035      | -1.62148     | 0.576399     | 3.97226      | 0.1057       
5       | 13       | -1           | 1.48466      | 1.73538      | -2.0287      | 4.34199      | 0.1057       
6       | 13       | 1            | 1.23912      | -2.03353     | 0.488101     | 4.8163       | 0.1057       
7       | 13       | -1           | 0.783198     | -2.16227     | 1.73402      | 3.44999      | 0.1057       
8       | 22       | 0            | 198.958      | -0.237487    | 1.27825      | 204.595      | -2.86102e-06 
9       | 22       | 0            | 29.6244      | 1.60141      | 2.88184      | 76.4554      | -1.3487e-06  
--------------------------------------------------------
EVENT #25
all lepton invariant mass: 1200.65 | same sign invariant mass: 785.246
--------------------------------------------------------
element | type     | charge       | pT           | Eta          | Phi          | E            | mass
1       | 13       | -1           | 539.837      | -0.532688    | 1.30452      | 618.257      | 0.1057       
2       | 13       | -1           | 259.208      | 0.109065     | -1.97726     | 260.751      | 0.105658     
3       | 13       | -1           | 194.916      | -0.130699    | -1.9806      | 196.583      | 0.1057       
4       | 13       | 1            | 73.684       | 0.108833     | -2.10187     | 74.1209      | 0.1057       
5       | 13       | 1            | 39.3402      | -0.54105     | 1.29473      | 45.2403      | 0.1057       
6       | 13       | -1           | 4.17003      | 2.0958       | 1.17923      | 17.2119      | 0.105658     
7       | 13       | 1            | 3.07644      | -2.03347     | 2.76569      | 11.9546      | 0.1057       
8       | 13       | -1           | 1.4114       | -2.29499     | -0.878297    | 7.07553      | 0.1057       
9       | 13       | -1           | 1.21999      | 2.11535      | -1.69263     | 5.13304      | 0.1057       
10      | 13       | 1            | 1.04245      | 1.90859      | -0.195111    | 3.59376      | 0.1057       
11      | 13       | -1           | 0.812485     | 1.89081      | -0.357615    | 2.75459      | 0.1057       
--------------------------------------------------------
EVENT #26
all lepton invariant mass: 130.04 | same sign invariant mass: 65.394
--------------------------------------------------------
element | type     | charge       | pT           | Eta          | Phi          | E            | mass
1       | 11       | 1            | 3.9841       | -1.87115     | 2.20217      | 13.2465      | -0.00148801  
2       | 13       | -1           | 168.351      | -1.51194     | 2.27029      | 400.34       | 0.1057       
3       | 13       | 1            | 55.1263      | -1.51818     | 2.27857      | 131.835      | 0.1057       
4       | 13       | 1            | 32.34        | -1.83476     | 2.17036      | 103.864      | 0.1057       
5       | 13       | -1           | 5.05933      | -1.8115      | 2.12689      | 15.8943      | 0.105658     
6       | 13       | -1           | 4.04935      | -1.85495     | 2.11104      | 13.2576      | 0.105658     
7       | 13       | 1            | 1.41072      | -1.58323     | -3.00829     | 3.58194      | 0.1057       
8       | 13       | -1           | 1.18064      | -1.99348     | 2.28473      | 4.41524      | 0.1057       
9       | 13       | 1            | 0.937954     | 1.79201      | -1.09687     | 2.89465      | 0.1057       
10      | 13       | -1           | 0.920059     | 1.77518      | 0.290623     | 2.79473      | 0.1057       
--------------------------------------------------------
EVENT #27
all lepton invariant mass: 410.01 | same sign invariant mass: 254.075
--------------------------------------------------------
element | type     | charge       | pT           | Eta          | Phi          | E            | mass
1       | 13       | 1            | 183.477      | 0.0826706    | 0.826895     | 184.105      | 0.105658     
2       | 13       | -1           | 91.0974      | 0.188991     | -2.25126     | 92.7292      | 0.1057       
3       | 13       | 1            | 88.02        | 0.05281      | -2.25421     | 88.1428      | 0.1057       
4       | 13       | -1           | 7.28766      | -1.00143     | -0.378285    | 11.2582      | 0.105658     
5       | 13       | 1            | 2.21698      | 1.50938      | -0.591874    | 5.26082      | 0.1057       
6       | 13       | -1           | 2.06543      | -2.26022     | 2.56366      | 10.0071      | 0.1057       
7       | 13       | -1           | 1.67021      | 1.82141      | -1.17916     | 5.29761      | 0.1057       
8       | 13       | 1            | 1.33469      | -2.05518     | -2.47897     | 5.29731      | 0.1057       
9       | 13       | 1            | 1.2688       | 1.46571      | 1.49235      | 2.89577      | 0.1057       
10      | 13       | 1            | 0.895532     | 1.88028      | 0.306413     | 3.00541      | 0.1057       
11      | 13       | 1            | 0.804915     | -2.08953     | -2.32425     | 3.3038       | 0.1057       
--------------------------------------------------------
EVENT #28
all lepton invariant mass: 645.824 | same sign invariant mass: 187.816
--------------------------------------------------------
element | type     | charge       | pT           | Eta          | Phi          | E            | mass
1       | 11       | 1            | 17.1637      | -1.313       | 0.578279     | 34.2102      | -0.00989998  
2       | 11       | 1            | 9.16072      | -2.55988     | -2.75965     | 59.5977      | -0.0254775   
3       | 13       | 1            | 149.542      | 0.742342     | 2.77109      | 192.674      | 0.1057       
4       | 13       | 1            | 72.7444      | 0.637549     | 2.77871      | 88.0362      | 0.1057       
5       | 13       | -1           | 1.24284      | 1.51546      | 1.97204      | 2.96681      | 0.1057       
6       | 22       | 0            | 49.6459      | -1.31841     | 0.544968     | 99.4169      | -1.3487e-06  
7       | 22       | 0            | 28.5357      | -2.63502     | 2.66772      | 199.967      | 0            
8       | 22       | 0            | 22.7393      | -1.26285     | 0.523862     | 43.413       | -4.76837e-07 
--------------------------------------------------------
EVENT #29
all lepton invariant mass: 392.008 | same sign invariant mass: 203.538
--------------------------------------------------------
element | type     | charge       | pT           | Eta          | Phi          | E            | mass
1       | 13       | -1           | 203.379      | 0.281901     | 0.247861     | 211.514      | 0.1057       
2       | 13       | 1            | 40.556       | 0.102859     | 0.252102     | 40.7708      | 0.1057       
3       | 13       | 1            | 20.4129      | -2.43965     | 2.73957      | 117.948      | 0.105658     
4       | 13       | -1           | 12.2606      | -2.42478     | 2.71951      | 69.8135      | 0.105658     
5       | 13       | -1           | 4.79271      | -2.41572     | 2.71136      | 27.0482      | 0.105658     
6       | 13       | 1            | 1.11113      | 1.86722      | 1.39195      | 3.68203      | 0.1057       
--------------------------------------------------------
EVENT #30
all lepton invariant mass: 463.657 | same sign invariant mass: 119.854
--------------------------------------------------------
element | type     | charge       | pT           | Eta          | Phi          | E            | mass
1       | 11       | -1           | 6.85682      | 2.25351      | -2.62289     | 33.0024      | -0.00558312  
2       | 13       | 1            | 194.225      | -0.747754    | -2.80905     | 251.102      | 0.1057       
3       | 13       | -1           | 114.655      | -0.752575    | -2.74351     | 148.686      | 0.1057       
4       | 13       | -1           | 5.09505      | -0.320804    | -3.03711     | 5.36053      | 0.1057       
5       | 13       | 1            | 1.84138      | 1.41544      | -2.06652     | 4.01663      | 0.1057       
6       | 13       | 1            | 0.996558     | -1.81939     | -1.57534     | 3.15598      | 0.1057       
7       | 13       | 1            | 0.964342     | -1.96588     | 1.93873      | 3.51238      | 0.1057       
8       | 13       | 1            | 0.846305     | 2.2911       | -0.921072    | 4.22732      | 0.1057       
9       | 22       | 0            | 94.1816      | 0.526058     | 1.16504      | 107.517      | -1.3487e-06  
--------------------------------------------------------
EVENT #31
all lepton invariant mass: 553.852 | same sign invariant mass: 398.54
--------------------------------------------------------
element | type     | charge       | pT           | Eta          | Phi          | E            | mass
1       | 13       | 1            | 225.143      | -1.3259      | -1.68768     | 453.792      | 0.1057       
2       | 13       | 1            | 175.933      | -1.43316     | 1.41442      | 389.732      | 0.1057       
3       | 13       | -1           | 99.2875      | -1.43841     | 1.41301      | 220.98       | 0.1057       
4       | 13       | -1           | 6.48534      | -1.26356     | -1.99357     | 12.3895      | 0.1057       
5       | 13       | -1           | 6.12691      | -1.32104     | -2.01909     | 12.2977      | 0.105658     
6       | 13       | 1            | 3.79693      | 1.30756      | -0.471905    | 7.53311      | 0.105658     
7       | 13       | -1           | 1.43121      | 1.6431       | -1.48811     | 3.84038      | 0.1057       
--------------------------------------------------------
EVENT #32
all lepton invariant mass: 472.705 | same sign invariant mass: 230.639
--------------------------------------------------------
element | type     | charge       | pT           | Eta          | Phi          | E            | mass
1       | 13       | -1           | 594.168      | -0.727306    | 1.36387      | 758.368      | 0.1057       
2       | 13       | 1            | 26.3814      | 0.239139     | -3.00569     | 27.1396      | 0.1057       
3       | 13       | -1           | 23.7964      | 0.236063     | -2.95868     | 24.4628      | 0.1057       
4       | 13       | 1            | 6.30739      | -2.29584     | -0.269083    | 31.6427      | 0.105658     
5       | 13       | 1            | 6.12049      | -1.21048     | 1.40279      | 11.18        | 0.1057       
6       | 13       | -1           | 5.69122      | 1.52207      | -1.83895     | 13.6593      | 0.105658     
7       | 13       | 1            | 5.43132      | -0.851851    | 1.87781      | 7.52477      | 0.105658     
8       | 13       | -1           | 3.23475      | 1.55057      | -1.97829     | 7.96833      | 0.105658     
9       | 13       | -1           | 1.51764      | -1.35552     | -0.110737    | 3.14072      | 0.1057       
10      | 13       | 1            | 1.10051      | 2.15309      | -0.952757    | 4.80356      | 0.1057       
--------------------------------------------------------
EVENT #33
all lepton invariant mass: 927.379 | same sign invariant mass: 577.627
--------------------------------------------------------
element | type     | charge       | pT           | Eta          | Phi          | E            | mass
1       | 13       | 1            | 496.316      | 1.29849      | 1.94941      | 976.926      | 0.1057       
2       | 13       | 1            | 130.66       | 0.273808     | -1.19558     | 135.588      | 0.1057       
3       | 13       | -1           | 28.5126      | 1.28493      | 1.94167      | 55.4729      | 0.1057       
4       | 13       | -1           | 21.3692      | 0.122471     | -1.05984     | 21.5299      | 0.1057       
5       | 22       | 0            | 11.6487      | -2.87345     | -1.41123     | 103.409      | 3.56832e-06  
