--------------------------------------------------------
EVENT #826:1ab
--------------------------------------------------------
element | pdfId    | status  | mothers           | daughters         | pT           | Eta          | Phi          | E            | mass
1       | 22       | 1       | 0                 |                   | 0.0485719    | 1.53769      | 0.286904     | 0.118241     | -2.28127e-09 
2       | 22       | 1       | 0                 |                   | 0.0420931    | 2.3987       | -0.618579    | 0.233611     | -3.72529e-09 
3       | 22       | 1       | 0                 |                   | 0.00355785   | -0.532668    | -1.05382     | 0.00407465   | -4.1159e-11  
4       | -13      | 1       | 0                 |                   | 111.216      | 0.146769     | -1.06233     | 112.416      | 0.10566      
5       | 22       | 1       | 0                 |                   | 0.000214929  | -0.242839    | 0.399849     | 0.000221297  | -8.38513e-12 
6       | -13      | 1       | 0                 |                   | 201.768      | 1.37882      | -0.818924    | 425.94       | 0.10566      
7       | 11       | 1       | 0                 |                   | 220.285      | 0.899346     | 1.82993      | 315.54       | 0.000510977  
8       | 22       | 1       | 0                 |                   | 7.40073      | 0.899226     | 1.82959      | 10.6         | -2.06477e-07 
9       | 11       | 1       | 0                 |                   | 131.832      | 0.48141      | 2.96475      | 147.405      | 0.000511003  
10      | 2212     | 1       | 0                 |                   | 0.870196     | -8.06221     | -0.426425    | 1380.26      | 0.93827      
--------------------------------------------------------
EVENT #1008:2ab
--------------------------------------------------------
element | pdfId    | status  | mothers           | daughters         | pT           | Eta          | Phi          | E            | mass
1       | 22       | 1       | 0                 |                   | 0.00169326   | 2.60657      | 3.12149      | 0.0115365    | 3.68138e-10  
2       | 22       | 1       | 0                 |                   | 4.12827      | 1.39432      | 2.37975      | 8.835        | 0            
3       | -11      | 1       | 0                 |                   | 72.1685      | 1.99398      | 1.17062      | 269.94       | 0.000510956  
4       | 22       | 1       | 0                 |                   | 4.76035      | 1.99398      | 1.17063      | 17.8058      | 2.38419e-07  
5       | -11      | 1       | 0                 |                   | 261.455      | 1.20181      | 2.38352      | 474.12       | 0.000511027  
6       | 13       | 1       | 0                 |                   | 260.98       | 0.589744     | -1.24529     | 307.695      | 0.10566      
7       | 13       | 1       | 0                 |                   | 77.3074      | 1.3269       | 0.0283579    | 155.954      | 0.10566      
8       | 2212     | 1       | 0                 |                   | 0.221605     | 9.18276      | 0.556357     | 1077.89      | 0.93827      
9       | 2212     | 1       | 0                 |                   | 1.11684      | 0.0620772    | -0.0102076   | 1.46031      | 0.93827      
10      | 2212     | 1       | 0                 |                   | 0.150691     | -3.16679     | -0.25101     | 2.02208      | 0.93827      
--------------------------------------------------------
EVENT #1157:3ab
--------------------------------------------------------
element | pdfId    | status  | mothers           | daughters         | pT           | Eta          | Phi          | E            | mass
1       | 22       | 1       | 0                 |                   | 33.3017      | 1.45813      | 0.0531804    | 75.4382      | -9.53674e-07 
2       | 22       | 1       | 0                 |                   | 0.0270833    | 1.55145      | 1.347        | 0.0667638    | -1.97563e-09 
3       | 22       | 1       | 0                 |                   | 0.0229179    | 0.870286     | 2.05978      | 0.0321587    | -3.29272e-10 
4       | 22       | 1       | 0                 |                   | 0.00140651   | 1.4662       | -2.46819     | 0.00320933   | 1.79408e-10  
5       | -11      | 1       | 0                 |                   | 613.925      | 0.869065     | 2.06086      | 860.73       | 0.000510828  
6       | 22       | 1       | 0                 |                   | 0.0448021    | 0.869072     | 2.06085      | 0.0628134    | -8.06549e-10 
7       | -11      | 1       | 0                 |                   | 23.9082      | 1.46479      | -2.47093     | 54.4836      | 0.000510994  
8       | 11       | 1       | 0                 |                   | 615.788      | 1.19717      | -1.01001     | 1112.36      | 0.00051134   
9       | 11       | 1       | 0                 |                   | 94.7027      | 1.59537      | -0.268402    | 243.054      | 0.00051102   
10      | 2212     | 1       | 0                 |                   | 0.70898      | -7.93061     | -0.89134     | 985.877      | 0.93827      
11      | 2212     | 1       | 0                 |                   | 0.591425     | 8.57661      | 2.6901       | 1569.08      | 0.93827      
12      | 2212     | 1       | 0                 |                   | 0.693947     | -0.983133    | -2.96244     | 1.41352      | 0.93827      
13      | 2212     | 1       | 0                 |                   | 1.36074      | -0.342887    | 2.79257      | 1.71998      | 0.93827      
14      | 2212     | 1       | 0                 |                   | 0.243311     | 5.22916      | -3.04125     | 22.7253      | 0.93827      
--------------------------------------------------------
EVENT #1468:4ab
--------------------------------------------------------
element | pdfId    | status  | mothers           | daughters         | pT           | Eta          | Phi          | E            | mass
1       | 22       | 1       | 0                 |                   | 0.000677308  | 1.14019      | 0.422611     | 0.00116738   | -3.08693e-11 
2       | 22       | 1       | 0                 |                   | 2.8889e-07   | -0.650927    | 2.26165      | 3.52283e-07  | 7.10543e-15  
3       | -13      | 1       | 0                 |                   | 111.421      | -0.651567    | 2.26112      | 135.922      | 0.10566      
4       | 22       | 1       | 0                 |                   | 6.40992e-08  | -0.661557    | 2.23123      | 7.86451e-08  | -8.88178e-16 
5       | -13      | 1       | 0                 |                   | 56.1692      | 1.07917      | 0.401702     | 92.1768      | 0.10566      
6       | 13       | 1       | 0                 |                   | 84.8044      | -0.911891    | -0.649213    | 122.576      | 0.10566      
7       | 22       | 1       | 0                 |                   | 6.76824e-05  | -0.855159    | -0.61709     | 9.39758e-05  | 1.81899e-12  
8       | 13       | 1       | 0                 |                   | 69.2859      | 1.01057      | -2.13187     | 107.781      | 0.10566      
9       | 2212     | 1       | 0                 |                   | 0.585841     | -7.32231     | -2.77597     | 443.395      | 0.93827      
--------------------------------------------------------
EVENT #1615:5ab
--------------------------------------------------------
element | pdfId    | status  | mothers           | daughters         | pT           | Eta          | Phi          | E            | mass
1       | 22       | 1       | 0                 |                   | 0.342195     | -0.353367    | -1.70591     | 0.363783     | -1.34317e-08 
2       | -11      | 1       | 0                 |                   | 186.331      | 0.146476     | -1.91437     | 188.333      | 0.000510984  
3       | -11      | 1       | 0                 |                   | 468.215      | 0.652564     | -1.46696     | 571.495      | 0.000510842  
4       | 22       | 1       | 0                 |                   | 0.0158643    | -0.916138    | -1.85294     | 0.0230006    | 5.20625e-10  
5       | 22       | 1       | 0                 |                   | 0.00246789   | -0.753011    | -1.33165     | 0.00320126   | -1.12719e-10 
6       | 11       | 1       | 0                 |                   | 50.7888      | -0.759423    | -1.336       | 66.1519      | 0.000510999  
7       | 22       | 1       | 0                 |                   | 2.16423e-05  | -0.767918    | -1.23431     | 2.83434e-05  | -5.08423e-13 
8       | 11       | 1       | 0                 |                   | 200.902      | 0.565003     | -2.85315     | 233.832      | 0.000511007  
9       | 2212     | 1       | 0                 |                   | 1.16069      | 4.33568      | 0.126908     | 44.3424      | 0.93827      
10      | 2212     | 1       | 0                 |                   | 1.17447      | 5.77592      | 0.491245     | 189.354      | 0.93827      
11      | 2212     | 1       | 0                 |                   | 0.467338     | -1.12985     | -0.286632    | 1.23221      | 0.93827      
12      | 2212     | 1       | 0                 |                   | 0.231575     | 2.37862      | 2.50213      | 1.57104      | 0.93827      
13      | 2212     | 1       | 0                 |                   | 0.383812     | 5.18305      | -1.78625     | 34.2165      | 0.93827      
14      | 2212     | 1       | 0                 |                   | 0.429057     | -5.22507     | -3.01209     | 39.8875      | 0.93827      
--------------------------------------------------------
EVENT #1774:6ab
--------------------------------------------------------
element | pdfId    | status  | mothers           | daughters         | pT           | Eta          | Phi          | E            | mass
1       | 22       | 1       | 0                 |                   | 3.41857      | -0.752031    | 2.77491      | 4.43169      | -1.26441e-07 
2       | 22       | 1       | 0                 |                   | 0.651205     | -1.49661     | 2.68379      | 1.52721      | 1.1151e-07   
3       | 22       | 1       | 0                 |                   | 342.314      | 0.509689     | -2.82526     | 387.749      | 3.8147e-06   
4       | 22       | 1       | 0                 |                   | 0.00205876   | 0.290912     | -2.74745     | 0.00214649   | -1.78224e-11 
5       | 22       | 1       | 0                 |                   | 0.626913     | 1.07379      | -2.4526      | 1.02443      | 1.49012e-08  
6       | -11      | 1       | 0                 |                   | 130.484      | 1.07386      | -2.45198     | 213.233      | 0.000510984  
7       | 22       | 1       | 0                 |                   | 1.39711      | 1.07393      | -2.45194     | 2.28324      | 2.98023e-08  
8       | -11      | 1       | 0                 |                   | 387.172      | 0.569807     | -2.72748     | 451.745      | 0.000511006  
9       | 22       | 1       | 0                 |                   | 0.0036078    | 0.944544     | -0.127555    | 0.00534044   | -1.16415e-10 
10      | 13       | 1       | 0                 |                   | 174.639      | 0.533686     | 0.694015     | 200.105      | 0.10566      
11      | 22       | 1       | 0                 |                   | 0.000577299  | 0.53145      | 0.690387     | 0.000660762  | 1.45519e-11  
12      | 13       | 1       | 0                 |                   | 283.265      | 0.966303     | -0.114196    | 426.129      | 0.10566      
13      | 2212     | 1       | 0                 |                   | 1.44118      | 4.41489      | 3.02425      | 59.5894      | 0.93827      
14      | 2212     | 1       | 0                 |                   | 0.902319     | 0.8483       | -3.11828     | 1.5605       | 0.93827      
15      | 2212     | 1       | 0                 |                   | 1.1579       | -0.909867    | 1.7451       | 1.91655      | 0.93827      
16      | 2212     | 1       | 0                 |                   | 0.0542945    | -4.97482     | 1.13502      | 4.0395       | 0.93827      
17      | 2212     | 1       | 0                 |                   | 2.66817      | 1.28178      | -1.15844     | 5.26136      | 0.93827      
--------------------------------------------------------
EVENT #1861:7ab
--------------------------------------------------------
element | pdfId    | status  | mothers           | daughters         | pT           | Eta          | Phi          | E            | mass
1       | -11      | 1       | 0                 |                   | 212.146      | -0.62332     | -1.13742     | 254.71       | 0.000510988  
2       | -11      | 1       | 0                 |                   | 101.238      | 0.527772     | -1.76798     | 115.668      | 0.000510998  
3       | 22       | 1       | 0                 |                   | 9.12296      | -0.492662    | -0.290271    | 10.2527      | -2.52881e-07 
4       | 13       | 1       | 0                 |                   | 355.006      | -0.546141    | -0.256762    | 409.279      | 0.10566      
5       | 22       | 1       | 0                 |                   | 0.0428682    | -0.554972    | -0.252657    | 0.0496409    | -6.58545e-10 
6       | 13       | 1       | 0                 |                   | 39.5526      | -1.97264     | 0.357082     | 144.935      | 0.10566      
7       | 2212     | 1       | 0                 |                   | 0.388267     | -8.29147     | -2.1854      | 774.532      | 0.93827      
8       | 2212     | 1       | 0                 |                   | 0.792072     | 1.8014       | 0.667873     | 2.63717      | 0.93827      
9       | 2212     | 1       | 0                 |                   | 25.1261      | -1.58111     | 2.41292      | 63.6523      | 0.93827      
10      | 2212     | 1       | 0                 |                   | 0.840518     | -0.805233    | -2.31377     | 1.46727      | 0.93827      
--------------------------------------------------------
EVENT #1963:8ab
--------------------------------------------------------
element | pdfId    | status  | mothers           | daughters         | pT           | Eta          | Phi          | E            | mass
1       | 22       | 1       | 0                 |                   | 1.99831      | 1.11295      | -0.196225    | 3.36906      | 7.30005e-08  
2       | 22       | 1       | 0                 |                   | 0.974082     | 0.998771     | -2.43975     | 1.50168      | 2.98023e-08  
3       | -11      | 1       | 0                 |                   | 394.947      | 0.679299     | 1.07599      | 489.629      | 0.000510956  
4       | -11      | 1       | 0                 |                   | 28.1924      | 0.658822     | -2.71579     | 34.5354      | 0.000511001  
5       | 22       | 1       | 0                 |                   | 66.8525      | 0.125328     | -2.06999     | 67.3782      | -1.61263e-06 
6       | 22       | 1       | 0                 |                   | 0.00247818   | 0.196462     | -2.03863     | 0.00252616   | -1.62695e-11 
7       | 11       | 1       | 0                 |                   | 61.995       | 1.49382      | -2.06783     | 145.025      | 0.000511009  
8       | 22       | 1       | 0                 |                   | 0.000242537  | 1.49496      | -2.06722     | 0.000567951  | 1.02898e-11  
9       | 11       | 1       | 0                 |                   | 228.64       | 0.125569     | -2.06957     | 230.445      | 0.000510999  
10      | 2212     | 1       | 0                 |                   | 0.919716     | 4.47472      | 1.27137      | 40.3778      | 0.93827      
11      | 2212     | 1       | 0                 |                   | 1.79839      | -4.1214      | -0.104101    | 55.4537      | 0.93827      
--------------------------------------------------------
EVENT #2148:9ab
--------------------------------------------------------
element | pdfId    | status  | mothers           | daughters         | pT           | Eta          | Phi          | E            | mass
1       | -11      | 1       | 0                 |                   | 67.9304      | -0.180969    | 0.952747     | 69.0458      | 0.000510995  
2       | -11      | 1       | 0                 |                   | 443.938      | -0.536584    | -0.205711    | 509.396      | 0.000511027  
3       | 13       | 1       | 0                 |                   | 218.33       | -0.353264    | 2.91739      | 232.096      | 0.10566      
4       | 22       | 1       | 0                 |                   | 0.00600705   | -0.353816    | 2.9101       | 0.00638699   | 0            
5       | 13       | 1       | 0                 |                   | 283.803      | -1.09941     | -3.11512     | 473.308      | 0.10566      
6       | 2212     | 1       | 0                 |                   | 1.8699       | 4.15681      | 1.57074      | 59.7346      | 0.93827      
7       | 2212     | 1       | 0                 |                   | 0.588874     | 2.93009      | 1.20945      | 5.60938      | 0.93827      
--------------------------------------------------------
EVENT #2424:10ab
--------------------------------------------------------
element | pdfId    | status  | mothers           | daughters         | pT           | Eta          | Phi          | E            | mass
1       | 22       | 1       | 0                 |                   | 0.0572169    | 1.04063      | 2.8651       | 0.091096     | 1.31709e-09  
2       | -11      | 1       | 0                 |                   | 297.208      | 1.03791      | 2.85813      | 472.19       | 0.000510999  
3       | 22       | 1       | 0                 |                   | 4.01861      | 1.03791      | 2.85813      | 6.38456      | 0            
4       | -11      | 1       | 0                 |                   | 70.249       | 2.11082      | -2.61299     | 294.209      | 0.00051097   
5       | 13       | 1       | 0                 |                   | 56.828       | 0.49555      | -0.829259    | 63.9497      | 0.10566      
6       | 13       | 1       | 0                 |                   | 244.374      | 1.9035       | -0.0708114   | 838.003      | 0.10566      
7       | 2212     | 1       | 0                 |                   | 0.388233     | -0.485484    | 0.459378     | 1.03416      | 0.93827      
8       | 2212     | 1       | 0                 |                   | 0.458007     | 2.14971      | 0.18319      | 2.20198      | 0.93827      
9       | 2212     | 1       | 0                 |                   | 1.52725      | 3.19751      | 2.94683      | 18.7418      | 0.93827      
10      | 2212     | 1       | 0                 |                   | 3.59703      | 3.7156       | -1.06778     | 73.9389      | 0.93827      
11      | 2212     | 1       | 0                 |                   | 3.29097      | -0.294707    | 0.263564     | 3.56077      | 0.93827      
12      | 2212     | 1       | 0                 |                   | 0.520673     | -2.1208      | 1.31138      | 2.39343      | 0.93827      
13      | 2212     | 1       | 0                 |                   | 0.657762     | -8.80916     | -2.99397     | 2201.95      | 0.93827      
--------------------------------------------------------
EVENT #2591:11ab
--------------------------------------------------------
element | pdfId    | status  | mothers           | daughters         | pT           | Eta          | Phi          | E            | mass
1       | 22       | 1       | 0                 |                   | 0.00202162   | -2.14305     | -2.22308     | 0.00873612   | 1.64636e-10  
2       | -13      | 1       | 0                 |                   | 137.793      | -2.14161     | -2.22487     | 594.619      | 0.10566      
3       | 22       | 1       | 0                 |                   | 1.05203e-07  | -2.13594     | -2.22492     | 4.51489e-07  | 8.70234e-15  
4       | -13      | 1       | 0                 |                   | 317.426      | -1.31245     | -1.78915     | 632.38       | 0.10566      
5       | 22       | 1       | 0                 |                   | 0.230362     | -0.337758    | 1.23211      | 0.243627     | 3.607e-09    
6       | 22       | 1       | 0                 |                   | 0.00110671   | 0.78323      | 1.52512      | 0.00146388   | 3.56448e-11  
7       | 22       | 1       | 0                 |                   | 0.000728766  | -0.355661    | 1.39943      | 0.000775346  | 6.30116e-12  
8       | 13       | 1       | 0                 |                   | 12.166       | 1.95821      | 2.76842      | 43.9665      | 0.10566      
9       | 22       | 1       | 0                 |                   | 5.06553e-07  | 0.863994     | 2.79646      | 7.07679e-07  | -7.10543e-15 
10      | 13       | 1       | 0                 |                   | 331.881      | -0.345044    | 1.3013       | 351.834      | 0.10566      
11      | 2212     | 1       | 0                 |                   | 1.47225      | 1.07858      | 1.64433      | 2.59079      | 0.93827      
12      | 2212     | 1       | 0                 |                   | 0.584171     | -5.82832     | -1.50146     | 99.2527      | 0.93827      
13      | 2212     | 1       | 0                 |                   | 3.13431      | -3.28098     | 1.02675      | 41.7586      | 0.93827      
14      | 2212     | 1       | 0                 |                   | 0.986177     | -2.22268     | 1.64771      | 4.70022      | 0.93827      
15      | 2212     | 1       | 0                 |                   | 0.369919     | -4.72429     | -3.05582     | 20.8586      | 0.93827      
16      | 2212     | 1       | 0                 |                   | 0.511989     | 1.21341      | 2.58269      | 1.32636      | 0.93827      
17      | 2212     | 1       | 0                 |                   | 0.628538     | -0.0440976   | 1.8604       | 1.12968      | 0.93827      
18      | 2212     | 1       | 0                 |                   | 0.606296     | 5.83314      | 2.83682      | 103.509      | 0.93827      
19      | 2212     | 1       | 0                 |                   | 2.20739      | 1.74487      | 2.33154      | 6.57884      | 0.93827      
