--------------------------------------------------------
EVENT #826
all lepton invariant mass: 1540.95 | same sign invariant mass: 665.783
--------------------------------------------------------
element | type     | charge       | pT           | Eta          | Phi          | E            | mass
1       | 0        | -1           | 224.659      | 0.899318     | 1.82952      | 321.799      | 0.0824283    
2       | 1        | 1            | 379.718      | 2.36809      | 1.1064       | 2044.89      | 0.105658     
3       | 1        | 1            | 197.68       | 1.37881      | -0.818908    | 417.306      | 0.1057       
4       | 1        | 1            | 111.632      | 0.146405     | -1.06239     | 112.831      | 0.1057       
5       | 2        | 0            | 224.836      | 0.89877      | 1.83353      | 321.926      | 6.60725e-06  
6       | 2        | 0            | 108.282      | 0.482958     | 2.96958      | 121.157      | -2.4314e-06  
--------------------------------------------------------
EVENT #1008
all lepton invariant mass: 2056.87 | same sign invariant mass: 1196.13
--------------------------------------------------------
element | type     | charge       | pT           | Eta          | Phi          | E            | mass
1       | 0        | 1            | 260.975      | 1.20191      | 2.38354      | 473.289      | -0.110554    
2       | 1        | -1           | 1707.58      | 0.570248     | 0.970915     | 1992.83      | 0.105658     
3       | 1        | -1           | 261.554      | 0.589767     | -1.24529     | 308.376      | 0.1057       
4       | 1        | -1           | 77.0432      | 1.32694      | 0.0284325    | 155.426      | 0.1057       
5       | 2        | 0            | 260.906      | 1.20239      | 2.38148      | 473.355      | -5.3948e-06  
--------------------------------------------------------
EVENT #1157
all lepton invariant mass: 2944.04 | same sign invariant mass: 1253.65
--------------------------------------------------------
element | type     | charge       | pT           | Eta          | Phi          | E            | mass
1       | 0        | -1           | 620.531      | 1.19718      | -1.01004     | 1120.93      | -0.36092     
2       | 0        | 1            | 618.299      | 0.869151     | 2.0609       | 866.915      | 0.142569     
3       | 0        | -1           | 51.9516      | -0.708844    | 2.99169      | 65.5592      | -0.00813559  
4       | 0        | 1            | 26.1356      | 1.46461      | -2.47069     | 59.5505      | 0.0186545    
5       | 2        | 0            | 618.884      | 0.867954     | 2.0596       | 867.008      | -1.70598e-05 
6       | 2        | 0            | 618.875      | 1.19637      | -1.00813     | 1117.18      | 2.41263e-05  
7       | 2        | 0            | 69.9226      | -0.703709    | 3.02808      | 87.962       | -1.90735e-06 
8       | 2        | 0            | 33.9688      | 1.4565       | 0.0563262    | 76.8366      | 0            
9       | 2        | 0            | 24.2547      | 1.46587      | -2.49829     | 55.3273      | 1.3487e-06   
--------------------------------------------------------
EVENT #1468
all lepton invariant mass: 1555.25 | same sign invariant mass: 867.038
--------------------------------------------------------
element | type     | charge       | pT           | Eta          | Phi          | E            | mass
1       | 1        | -1           | 1528.17      | 1.01599      | 0.231461     | 2387.12      | 0.105658     
2       | 1        | 1            | 111.077      | -0.651318    | 2.26115      | 135.482      | 0.1057       
3       | 1        | -1           | 85.5936      | -0.911916    | -0.649202    | 123.719      | 0.1057       
4       | 1        | -1           | 70.6568      | 1.01029      | -2.13183     | 109.89       | 0.1057       
5       | 1        | 1            | 56.3218      | 1.0793       | 0.401672     | 92.4371      | 0.1057       
--------------------------------------------------------
EVENT #1615
all lepton invariant mass: 3208.95 | same sign invariant mass: 1121.03
--------------------------------------------------------
element | type     | charge       | pT           | Eta          | Phi          | E            | mass
1       | 0        | 1            | 503.505      | 0.273113     | 1.49007      | 522.4        | -0.0960863   
2       | 0        | 1            | 465.444      | 0.652683     | -1.46696     | 568.153      | 0.164743     
3       | 0        | -1           | 201.241      | 0.565        | -2.85327     | 234.225      | 0.0347113    
4       | 0        | 1            | 179.432      | 0.146699     | -1.9143      | 181.366      | 0.0522542    
5       | 0        | -1           | 51.6225      | -0.759359    | -1.33598     | 67.235       | 0.0264584    
6       | 2        | 0            | 655.483      | 0.27127      | 1.48707      | 679.749      | 1.26519e-05  
7       | 2        | 0            | 466.2        | 0.652407     | -1.46823     | 568.985      | 5.3948e-06   
8       | 2        | 0            | 200.504      | 0.565131     | -2.8503      | 233.383      | -2.6974e-06  
9       | 2        | 0            | 162.676      | 0.148824     | -1.91963     | 164.481      | 1.68587e-06  
10      | 2        | 0            | 145.958      | 0.109148     | 0.944802     | 146.828      | 3.06718e-06  
11      | 2        | 0            | 51.5338      | -0.759795    | -1.32186     | 67.1383      | -4.76837e-07 
--------------------------------------------------------
EVENT #1774
all lepton invariant mass: 3003.98 | same sign invariant mass: 578.236
--------------------------------------------------------
element | type     | charge       | pT           | Eta          | Phi          | E            | mass
1       | 0        | 1            | 387.717      | 0.569736     | -2.72729     | 452.364      | -0.102166    
2       | 0        | 1            | 126.821      | 1.07425      | -2.45249     | 207.31       | 0.0562567    
3       | 1        | -1           | 269.982      | 0.966332     | -0.114238    | 406.156      | 0.1057       
4       | 1        | -1           | 174.335      | 0.533764     | 0.693979     | 199.765      | 0.1057       
5       | 1        | -1           | 46.6394      | -2.35651     | 0.799412     | 248.328      | 0.105658     
6       | 1        | 1            | 24.587       | -2.29678     | 0.808912     | 123.459      | 0.105658     
7       | 1        | -1           | 19.0981      | -2.41705     | 0.803557     | 107.923      | 0.105658     
8       | 1        | -1           | 15.3106      | -2.29908     | 0.77269      | 77.0537      | 0.105658     
9       | 1        | 1            | 14.6037      | -2.41108     | 0.844639     | 82.042       | 0.105658     
10      | 1        | 1            | 10.9678      | -2.43241     | 0.838929     | 62.9229      | 0.105658     
11      | 1        | -1           | 9.64711      | 0.377535     | 0.208508     | 10.3434      | 0.1057       
12      | 1        | 1            | 7.72083      | -2.45645     | 0.805448     | 45.3564      | 0.105658     
13      | 1        | -1           | 6.7982       | 0.305035     | 0.0717373    | 7.11772      | 0.1057       
14      | 1        | 1            | 5.77656      | -2.44179     | 0.828505     | 33.4482      | 0.105658     
15      | 1        | -1           | 4.40409      | -2.25778     | 0.668564     | 21.2861      | 0.105658     
16      | 1        | 1            | 4.28746      | -2.31498     | 0.819103     | 21.9165      | 0.1057       
17      | 1        | 1            | 1.20773      | -2.47438     | 0.985054     | 7.22213      | 0.1057       
18      | 2        | 0            | 386.693      | 0.569983     | -2.73035     | 451.227      | -2.6974e-06  
19      | 2        | 0            | 342.159      | 0.509426     | -2.82457     | 387.525      | 6.60725e-06  
20      | 2        | 0            | 127.029      | 1.07515      | -2.45418     | 207.799      | -2.6974e-06  
--------------------------------------------------------
EVENT #1861
all lepton invariant mass: 5924.57 | same sign invariant mass: 3706.87
--------------------------------------------------------
element | type     | charge       | pT           | Eta          | Phi          | E            | mass
1       | 0        | 1            | 212.283      | -0.623388    | -1.13749     | 254.885      | -0.0734014   
2       | 0        | 1            | 101.73       | 0.527601     | -1.76765     | 116.221      | -0.0292755   
3       | 0        | 1            | 18.3173      | -1.48057     | 2.4176       | 42.3403      | 0.01131      
4       | 1        | -1           | 10463.6      | -0.665256    | -2.88533     | 12865.7      | 0.105658     
5       | 1        | -1           | 349.56       | -0.546046    | -0.256782    | 402.981      | 0.1057       
6       | 1        | -1           | 39.1493      | -1.97261     | 0.356832     | 143.453      | 0.1057       
7       | 1        | -1           | 8.51208      | -1.47977     | 2.47222      | 19.6617      | 0.105658     
8       | 1        | 1            | 1.03101      | -1.66123     | -3.04834     | 2.81443      | 0.1057       
9       | 2        | 0            | 212.863      | -0.623133    | -1.14041     | 255.544      | 2.6974e-06   
10      | 2        | 0            | 101.857      | 0.528606     | -1.77655     | 116.422      | 1.3487e-06   
11      | 2        | 0            | 61.0019      | -1.47817     | 2.40183      | 140.7        | -4.0461e-06  
--------------------------------------------------------
EVENT #1963
all lepton invariant mass: 1680.65 | same sign invariant mass: 711.145
--------------------------------------------------------
element | type     | charge       | pT           | Eta          | Phi          | E            | mass
1       | 0        | 1            | 397.462      | 0.679335     | 1.076        | 492.758      | -0.063941    
2       | 0        | 1            | 294.9        | 0.125499     | -2.06626     | 297.225      | 0.0829466    
3       | 0        | -1           | 59.9439      | 1.49386      | -2.0679      | 140.232      | 0.0271654    
4       | 0        | 1            | 28.1599      | 0.658763     | -2.71599     | 34.4943      | 0.0116811    
5       | 2        | 0            | 396.569      | 0.678551     | 1.07342      | 491.423      | -7.62939e-06 
6       | 2        | 0            | 295.079      | 0.124056     | -2.06501     | 297.352      | -4.67203e-06 
7       | 2        | 0            | 62.0692      | 1.4892       | -2.05609     | 144.594      | 0            
8       | 2        | 0            | 28.021       | 0.658144     | -2.73937     | 34.3119      | 5.3312e-07   
--------------------------------------------------------
EVENT #2148
all lepton invariant mass: 2199.05 | same sign invariant mass: 1155.63
--------------------------------------------------------
element | type     | charge       | pT           | Eta          | Phi          | E            | mass
1       | 0        | 1            | 445.288      | -0.536551    | -0.205684    | 510.937      | 0.144576     
2       | 0        | 1            | 67.0533      | -0.18083     | 0.952842     | 68.1526      | -0.0162124   
3       | 1        | -1           | 1030.95      | -0.342078    | 0.299192     | 1091.86      | 0.105658     
4       | 1        | -1           | 286.118      | -1.09935     | -3.11509     | 477.144      | 0.1057       
5       | 1        | -1           | 221.734      | -0.353252    | 2.91744      | 235.714      | 0.1057       
6       | 2        | 0            | 444.449      | -0.536436    | -0.207677    | 509.945      | 0            
7       | 2        | 0            | 67.1968      | -0.180429    | 0.939696     | 68.2935      | 6.95104e-07  
--------------------------------------------------------
EVENT #2424
all lepton invariant mass: 1383.18 | same sign invariant mass: 720.611
--------------------------------------------------------
element | type     | charge       | pT           | Eta          | Phi          | E            | mass
1       | 0        | 1            | 298.467      | 1.03791      | 2.85823      | 474.19       | -0.171229    
2       | 1        | -1           | 237.666      | 1.90347      | -0.0709202   | 814.974      | 0.1057       
3       | 1        | -1           | 56.9334      | 0.495426     | -0.829226    | 64.0646      | 0.1057       
4       | 1        | -1           | 46.8634      | -1.91482     | -2.20931     | 162.453      | 0.1057       
5       | 2        | 0            | 297.338      | 1.03819      | 2.85724      | 472.499      | -7.62939e-06 
--------------------------------------------------------
EVENT #2591
all lepton invariant mass: 2862.48 | same sign invariant mass: 1520.83
--------------------------------------------------------
element | type     | charge       | pT           | Eta          | Phi          | E            | mass
1       | 1        | 1            | 3112.58      | -1.3058      | 2.73086      | 6165.42      | 0.105658     
2       | 1        | -1           | 335.377      | -0.344782    | 1.30136      | 355.509      | 0.1057       
3       | 1        | 1            | 311.906      | -1.31244     | -1.78916     | 621.379      | 0.1057       
4       | 1        | 1            | 135.11       | -2.1416      | -2.22488     | 583.036      | 0.1057       
5       | 1        | -1           | 12.3064      | 1.95828      | 2.7687       | 44.4766      | 0.1057       
